11
286 282 690 2726 3513 1699 2577 1781 0
391 210 362 476 17 356 0
117 225 65 27 150 219 0
8435 15585 4461 13992 8985 5604 15118 11742 122 12783 2154 10430 3520 4451 0
11141 9320 14865 11662 4316 133 13870 11744 14515 1618 13443 7721 15604 10651 0
1232 1309 658 307 2010 500 1775 2025 50 0
979 1104 1999 891 3889 233 511 2708 1312 544 2079 151 77 2484 3512 0
1040 1755 53 223 1016 711 529 977 1210 255 0
501 370 3497 1604 2368 291 1396 2601 801 8 0
522 1016 356 119 870 857 691 365 710 717 477 194 49 741 682 0
1071 2071 7946 1810 872 2961 6546 1453 5753 3554 3054 5767 0