30
2156328 8324605 -6447422
-8545287 -4396027 8764871
-5122779 9807667 -4834220
-4311578 -3962440 6835315
-2709138 -7047249 -6399789
-9664474 -1043328 5187871
-896201 8062142 1111852
9710941 -4612218 -4813275
7912936 -5954438 -8709364
-8775511 -9570867 -469064
9558383 2585460 -2144459
-6889039 4040172 3459514
-8124168 8917393 3267182
-2958388 -5394184 9304741
-6123073 1896677 -7742507
-2522862 2232202 1214164
-7334990 -8663998 -723694
3776861 -8953057 4664088
8963585 8959878 8709649
-9745778 -9815632 9138781
-214842 9742750 1724242
7640699 -7146288 -4235585
1100213 -5270457 -5318192
-5632605 1771155 -712377
-6327863 5648082 -8815699
-4070371 -6874780 3416503
7143793 -4209770 4752504
-3579901 9567090 5799446
-8915812 8530676 4759325
9793836 8784898 4943692